Column 1
1591
1604
1591
1591
1582
1547
1539
1443
1420
1401
1322
1303
1364
1404
1509
1636
1797
1893
1856
1910
1855
1717
1493
1213
1081
1014
970
984
1103
1124
1075
939
721
418
125
-76
-376
-768
-954
-1124
-1219
-1173
-1134
-1197
-1456
-1659
-1913
-2146
-2227
-2286
-2283
-2286
-2286
-2308
-2284
-2272
-2276
-2236
-2082
-1966
-1869
-1745
-1644
-1610
-1548
-1514
-1454
-1463
-1498
-1549
-1622
-1608
-1542
-1506
-1478
-1371
-1202
-999
-786
-576
-488
-294
-98
73
281
526
714
871
1031
1077
1082
1110
1058
1036
1023
1022
995
979
1010
977
905
799
712
786
634
470
356
233
76
145
-148
-432
-443
-557
-734
-914
-1196
-1197
-1251
-1362
-1570
-1562
-1398
-1206
-1128
-1008
-911
-832
-704
-602
-511
-403
-260
-97
4
226
428
564
750
843
929
985
1037
1060
1057
1030
1034
981
958
895
796
713
571
406
251
131
-80
-158
-346
-439
-621
-726
-856
-1005
-1116
-1236
-1304
-1353
-1358
-1370
-1264
-1206
-1064
-899
-749
-571
-431
-327
-167
39
214
391
523
750
862
1048
1177
1156
1201
0
815
682
499
377
242
123
-14
-76
-139
-189
-226
-303
-383
-438
-456
-455
-501
-557
-562
-560
-612
-705
-739
-839
-775
-718
-594
-372
167
1130
1392
1000
700
292
-360
-1231
-2365
-3280
-3919
-4334
-4175
-3585
-2903
-2540
-2548
-2659
-2755
-2817
-2722
-2439
-2150
-1820
-1884
-1831
-1651
-1346
-1293
-1305
-1221
-1141
-1051
-1226
-1200
-1178
-902
-595
-543
-578
-900
-923
-705
-825
-1040
-1210
-1636
-2081
-2430
-2620
-2806
-2961
-3078
-3189
-3190
-3203
-3133
-3221
-3314
-3458
-3398
-3307
-3475
-3517
-3437
-3402
-3337
-3267
-3273
-3280
-3406
-3341
-3213
-3140
-3055
-3062
-2959
-2788
-2668
-2585
-2529
-2533
-2516
-2532
-2358
-2272
-2192
-2183
-2136
-2081
-2159
-2053
-1721
-1224
-743
-144
395
891
1267
1723
2248
2451
2768
3292
4179
4970
5365
5522
5365
5242
5161
5050
4975
4832
4708
4540
4420
4415
4348
4258
4163
4067
4029
3944
3872
3830
3689
3464
3274
3186
3051
2948
2840
2816
2686
2629
2552
2479
2459
2413
2352
2252
2236
2096
2038
2006
1965
1951
1937
1885
1920
1915
1906
1917
1920
1920
1880
1657
1484
1385
1278
1134
1018
879
713
576
493
455
320
241
93
-5
-106
-183
-296
-436
-588
-725
-817
-930
-1096
-1358
-1545
-1816
-1941
-1915
-1960
-1999
-2057
-2114
-2181
-2264
-2332
-2484
-2430
-2472
-2634
-2924
-3241
-3229
-3201
-3245
-3297
-3405
-3230
-3161
-3236
-3123
-2951
-2843
-2630
-2515
-2312
-1897
-968
435
2228
3925
5075
5333
5411
5429
4593
3784
3532
3355
3179
3065
2838
2671
2469
2329
2238
2053
1931
1733
1568
1407
1325
1270
1119
1041
960
903
800
693
612
514
419
402
377
347
340
349
285
309
251
260
183
183
155
157
152
103
50
48
39
16
-9
18
18
-30
10
1
-54
-76
-77
-77
-109
-112
-113
-60
-112
-138
-137
-108
-107
-135
-135
-135
-135
-202
-230
-261
-333
-358
-378
-408
-398
-445
-477
-502
-504
-507
-502
-504
-503
-479
-513
-479
-439
-345
-283
-224
-199
-183
-151
-225
-188
-253
-330
-412
-592
-705
-815
-1009
-1125
-1192
-1286
-1410
-1377
-1367
-1297
-1272
-1164
-1112
-939
-790
-686
-653
-661
-674
-682
-691
-698
-680
-688
-694
-701
-702
-1444
-732
-711
-715
-716
-740
-722
-701
-696
-730
-779
-779
-779
-779
-779
-779
-779
-779
-779
-820
-832
-790
-765
-720
-721
-721
-687
-715
-715
-711
-713
-709
-728
-721
-713
-709
-705
-701
-779
-679
-678
-659
-652
-675
-681
-656
-674
-674
-666
-665
-641
-641
-621
-581
-534
-492
-429
-388
-325
-280
-236
-274
-407
-518
-648
-780
-946
-1253
-1571
-2014
-2274
-2538
-2769
-2926
-3111
-3239
-714
-3399
-3389
-3334
-3168
-2993
-2851
-2743
-2572
-2476
-2389
-2291
-2253
-2190
-2200
-2248
-2293
-2327
-2247
-2131
-1962
-1790
-1689
-1488
-1211
-966
-993
-1158
-1162
-1319
-1328
-1430
-1470
-1502
-1592
-1584
-1583
-1519
-1418
-1253
-1075
-877
-613
-421
-262
-151
56
321
560
813
1040
1105
1206
1295
1365
1392
1369
1336
1347
1267
1265
1206
1126
1086
1018
946
816
722
548
406
261
161
30
-82
-61
-128
-195
-277
-369
-462
-518
-537
-556
-541
-540
-537
-562
-517
-503
-444
-407
-353
-298
-248
-169
-91
5
69
166
255
397
500
603
650
676
644
623
552
466
379
293
137
25
-60
-148
-213
-291
-228
-259
-228
-253
-204
-269
-221
-220
-184
-173
-117
-47
-7
92
140
184
247
306
352
351
471
458
396
301
188
75
82
109
64
-79
-50
-167
-320
-378
-349
-319
-270
-350
-496
-542
-516
-741
-669
-640
-600
-477
-342
-268
-211
-187
-104
29
122
136
202
272
407
556
679
752
763
746
685
558
481
362
254
249
70
-15
-168
-325
-391
-429
-477
-524
-586
-665
-702
-724
-728
-708
-652
-651
-592
-552
-455
-408
-252
-97
35
175
286
441
590
777
929
1047
1131
1133
1099
1046
940
809
673
591
428
275
94
-72
-299
-418
-581
-697
-837
-986
-1072
-1174
-1273
-1314
-1386
-1305
-1316
-1243
-1082
-1008
-820
-618
-502
-352
-165
-12
150
315
457
586
809
928
1074
1214
1362
1350
1268
1189
1303
1307
1167
821
406
-647
-1082
-794
-624
-568
-315
511
1438
2140
2709
2801
2618
2468
2154
1867
1601
1101
475
-119
-552
-771
-975
-1080
-1167
-1312
-1359
-1435
-1474
-1475
-1560
-1608
-1632
-1568
-1551
-1533
-1489
-1438
-1502
-1429
-1385
-1296
-1279
-1187
-1180
-1050
-895
-780
-711
-489
-376
-212
-36
126
312
522
721
864
967
1026
1223
1314
1321
1351
1325
1422
1430
1407
1394
1277
1182
1057
847
729
448
199
-77
-551
-996
-1400
-1593
-1835
-1871
-1928
-1977
-2014
-2082
-2174
-2088
-2064
-1982
-1890
-1890
-1902
-2000
-1991
-1991
-2062
-2084
-2053
-2062
-2029
-2044
-1969
-1989
-1968
-1959
-1938
-1952
-1916
-1990
-1997
-2008
-1979
-572
-1968
-1972
-1944
-1929
-1918
-1908
-1940
-1953
-1974
-1995
-1852
-1858
-1914
-1824
-1795
-1771
-1773
-1671
-1722
-1648
-1627
-1589
-1515
-1392
-1509
-1633
-1693
-1689
-1681
-1695
-1585
-1519
-1528
-1675
-1732
-1833
-1856
-779
-1755
-1664
-1630
-1434
-1173
-1052
-1243
-1590
-1671
-1688
-1650
-1644
-1546
-1596
-1701
-1665
-1591
-1425
-1205
-1205
-1288
-1296
-1238
-1232
-1162
-1166
-1094
-1108
-1030
-1000
-1007
-991
-967
-966
-924
-926
-944
0
-939
-889
-896
-943
-1016
-1048
-1059
-1090
-1098
-1103
-1181
-1285
-1467
-1625
-1850
-1976
-2083
-2165
-2170
-2174
-2211
-2213
-2220
-2251
-2283
-2291
-2367
-2429
-2446
-2416
-2452
-2416
-2387
-2398
-2423
-2333
-2373
-2361
-2356
-2324
-2369
-2423
-2405
-2373
-2406
-2362
-2378
-2373
-2366
-2385
-2455
-2436
-2478
-2465
-2378
-2296
-2265
-2228
-2195
-2073
-2053
-1965
-1913
-1990
-1992
-2013
-1975
-2015
-2010
-1923
-1939
-1861
-1815
-1721
-1622
-1551
-1447
-1226
-1078
-837
-670
-563
-472
-354
-259
-141
-36
76
255
441
511
424
404
291
139
-85
-318
-523
-737
-1106
-1446
-1788
-2032
-2207
-2243
-2243
-2161
-2157
-2145
-2129
-2222
-2324
-2313
-2313
-2328
-2281
-2286
-2226
-2179
-2096
-2059
-1972
-1889
-1796
-1690
-1538
-1481
-1298
-1099
-879
-753
-586
-387
-193
-34
196
377
482
676
851
972
1002
1003
960
853
713
548
348
186
-30
-328
-777
-1294
-1822
-2325
-3033
-3853
-4395
-4854
-5182
-5500
-5700
-5781
-5767
-5684
-5572
-5238
-4561
-3973
-3010
-1893
-728
285
1136
1442
1649
1791
1890
1626
1460
891
-282
-1396
-2145
-2496
-2564
-2721
-2793
-2926
-2793
-2398
-2326
-2400
-2430
-2459
-2364
-2193
-2085
-1846
-1810
-1801
-1740
-1629
-1495
-1276
-1083
-1031
-1054
-957
-630
-499
-392
-302
-411
-624
-489
-464
-283
-331
-339
-338
-316
-304
-608
-792
-915
-930
-824
-767
-725
-673
-617
-579
-518
-498
-468
-538
-504
-514
-545
-577
-598
-570
-604
-633
-607
-645
-552
-521
-508
-508
-511
-479
-441
-388
-362
-308
-284
-187
-108
-12
58
109
163
166
227
221
221
225
226
271
317
334
376
388
390
438
496
533
567
640
634
686
817
839
834
1015
1213
1308
1468
1717
1935
1989
2002
2131
2214
2300
2448
2589
2716
2716
2724
2910
3204
3182
3161
3284
3310
3251
3052
2853
2792
2709
2714
2465
2012
1332
489
-499
-1394
-2181
-2622
-2935
-3576
-4414
-4915
-4823
-4809
-4831
-4780
-4790
-4701
-4521
-4371
-4241
-4074
-3944
-3862
-3770
-3763
-3513
-3129
-2982
-2717
-2580
-2356
-2242
-2210
-2095
-2022
-2020
-1988
-1991
-1939
-1755
-1690
-1593
-1591
-1594
-1638
-1684
-1727
-1741
-1666
-1684
-1551
-1465
-1342
-1185
-953
-739
-560
-365
-159
29
217
424
642
0
949
981
981
1022
1070
940
909
801
633
525
378
358
21
-100
-446
-876
-1182
-1371
-1547
-1706
-1807
-1844
-1790
-1728
-1726
-1790
-1736
-1760
-1763
-1650
-1660
-1651
-1631
-1587
-1592
-1651
-1639
-1644
-1664
-1650
-1608
-1653
-1648
-1618
-1618
-1567
-1589
-1630
-1678
-1740
-1682
-1772
-1770
-1843
-1845
-1824
-1802
-1796
-1802
-1826
-1847
-1837
-1740
-1776
-1757
-1768
-1756
-1743
-1700
-1737
-1758
-1791
-1720
-1682
-1708
-1683
-1691
-1680
-1785
-1813
-1788
-1770
-1758
-1756
-1721
-1579
-1518
-1338
-1172
-938
-777
-610
-483
-76
159
371
555
856
1114
1276
1437
1455
1510
1539
1590
1585
1600
1602
1678
1635
1520
1539
1507
1482
1456
1481
1498
1425
1398
1413
1433
1443
1525
1556
1575
1611
1610
1653
1649
1773
1809
1886
1900
1941
1929
2013
2058
2158
2108
2198
2229
2261
2320
2469
2447
2528
2474
2534
2478
2483
2410
2367
2370
2340
2456
2469
2492
2509
2487
2524
2583
2654
2692
2780
2753
2848
2821
2824
2817
2782
2781
2780
2758
2807
2845
2900
2909
2988
3079
3100
3099
3089
3072
3070
3112
3153
3200
3246
3266
3263
3292
3263
3322
3340
3312
3355
3310
3303
3263
3208
3130
3147
3148
3147
3075
3060
3044
2972
2927
2963
2890
2841
2785
2720
2649
2646
2588
2529
2510
2505
2484
2433
2446
2392
2442
2207
2042
1897
1729
1527
1429
1354
1370
1395
1353
1432
1484
1714
1789
1677
1595
1580
1634
1682
1522
1342
1252
1312
1431
1325
1067
540
-166
-921
-1788
-2640
-3651
-4153
-5235
-6255
-6110
-5678
-5505
-5374
-5294
-5295
-5250
-5229
-5231
-5180
-5161
-5133
-5229
-5390
-5523
-5689
-5877
-6028
-5766
-5536
-4942
-4323
-3869
-3508
-3240
-3106
-2995
-2769
-2672
-2494
-2445
-2266
-2086
-1802
-1469
-1112
-816
-563
-346
-180
-10
147
282
381
424
378
333
214
69
-162
-274
-480
-682
-843
-1019
-1213
-1369
-1457
-1529
-1703
-1720
-1720
-1666
-1573
-1570
-1543
-1482
-1376
-1314
-1224
-1144
-1039
-987
-896
-776
-715
-670
-595
-575
-510
-149
-452
-356
-233
-121
-73
-14
110
222
387
506
626
680
722
677
668
517
394
320
188
64
-39
-196
-281
-346
-409
-507
-556
-615
-668
-705
-679
-660
-660
-639
-596
-518
-466
-779
-320
-206
-108
-64
-15
55
136
220
372
456
555
586
643
636
659
601
531
360
277
122
28
-44
-223
-350
-489
-664
-699
-768
-781
-844
-847
-914
-909
-857
-783
-643
-582
-65
-332
-211
-67
59
165
329
465
628
738
813
823
731
600
493
354
220
67
-104
-279
-417
-528
-594
-641
-685
-739
-812
-777
-777
-737
-687
-627
-554
-459
-390
-265
-174
-14
-779
179
279
434
506
609
640
707
742
768
797
735
682
659
663
641
590
523
427
348
288
198
134
21
-88
-197
-261
-352
-467
-587
-681
-729
-774
-855
-869
-869
-867
-844
-10
-726
-630
-535
-447
-342
-295
-249
-159
-66
10
68
135
225
268
373
478
585
652
700
720
701
630
544
413
329
220
163
83

